Cluster 0:
Center: 10.166666666666666, 9.166666666666666, 9.0, 9.833333333333334, 10.0, 11.833333333333334, 12.833333333333334, 13.166666666666666, 12.0, 12.0
Max Dist. to Center: 3.1885210782848317
Min Dist. to Center: 0.4082482904638615
Avg Dist. to Center: 2.070401157509524
Sum Squared Error: 31.0
6 Points:

Cluster 1:
Center: 8.5, 6.5, 5.5, 7.75, 7.75, 10.25, 12.5, 14.25, 12.0, 12.0
Max Dist. to Center: 2.692582403567252
Min Dist. to Center: 1.118033988749895
Avg Dist. to Center: 1.9667111372878017
Sum Squared Error: 17.0
4 Points:

Outliers:
Percentage of data: 58.33
14 Points:
14.0, 14.0, 11.0, 16.0, 17.0, 17.0, 20.0, 16.0, 12.0, 15.0
13.0, 10.0, 9.0, 10.0, 10.0, 11.0, 14.0, 15.0, 13.0, 12.0
8.0, 7.0, 6.0, 5.0, 7.0, 9.0, 10.0, 10.0, 8.0, 8.0
13.0, 10.0, 9.0, 9.0, 9.0, 10.0, 10.0, 10.0, 8.0, 9.0
9.0, 4.0, 4.0, 6.0, 8.0, 10.0, 10.0, 10.0, 9.0, 15.0
13.0, 12.0, 11.0, 12.0, 12.0, 14.0, 18.0, 21.0, 18.0, 17.0
9.0, 9.0, 10.0, 9.0, 9.0, 10.0, 11.0, 15.0, 13.0, 12.0
9.0, 9.0, 9.0, 9.0, 9.0, 10.0, 11.0, 11.0, 11.0, 11.0
13.0, 13.0, 14.0, 13.0, 13.0, 13.0, 14.0, 14.0, 14.0, 14.0
8.0, 6.0, 5.0, 6.0, 6.0, 9.0, 11.0, 10.0, 8.0, 9.0
9.0, 8.0, 7.0, 9.0, 8.0, 12.0, 13.0, 13.0, 12.0, 13.0
10.0, 9.0, 8.0, 8.0, 8.0, 9.0, 9.0, 11.0, 9.0, 10.0
11.0, 11.0, 9.0, 10.0, 9.0, 13.0, 14.0, 16.0, 13.0, 13.0
14.0, 12.0, 12.0, 12.0, 12.0, 14.0, 15.0, 15.0, 13.0, 13.0
